a <- 1:10
a

b <- 10:1
b
