a <- 1:10
a

a < 5
a > 5
a == 5
a != 5
