a <- 1:6
b <- c(2, 2, 3, 3, 5, 5)
c <- c(10, 20)

a
b
c

a/b
a/c
a/10
