a <- 1:6
b <- c(0, 0, 0, 0, 0, 0)
c <- c(0, 0)

a
b
c

a/b
a/c
a/0
